#, x8, x7, x6, x5, x14, x13, x12, x11, x10, x9, x4, x3, x2, x1, objval
1(1), 2, 1, 3, 2, 0, 1, 0, 0, 0, 1, 1, 1, 0, 0, 2
2(2), 2, 0, 3, 1, 0, 1, 0, 0, 0, 1, 1, 1, 0, 0, 2
2(3), 2, 0, 3, 2, 0, 1, 0, 0, 0, 1, 1, 1, 0, 0, 2
3(4), 0, 1, 3, 2, 0, 1, 0, 0, 0, 1, 1, 1, 0, 0, 2
3(5), 1, 1, 3, 2, 0, 1, 0, 0, 0, 1, 1, 1, 0, 0, 2
4(6), 0, 0, 3, 1, 0, 1, 0, 0, 0, 1, 1, 1, 0, 0, 2
4(7), 0, 0, 3, 2, 0, 1, 0, 0, 0, 1, 1, 1, 0, 0, 2
4(8), 1, 0, 3, 1, 0, 1, 0, 0, 0, 1, 1, 1, 0, 0, 2
4(9), 1, 0, 3, 2, 0, 1, 0, 0, 0, 1, 1, 1, 0, 0, 2
5(10), 0, 0, 2, 1, 0, 1, 0, 0, 0, 1, 1, 1, 0, 0, 2
5(11), 1, 0, 2, 1, 0, 1, 0, 0, 0, 1, 1, 1, 0, 0, 2
6(12), 0, 0, 3, 2, 1, 0, 0, 0, 0, 1, 1, 1, 0, 0, 2
6(13), 0, 1, 3, 2, 1, 0, 0, 0, 0, 1, 1, 1, 0, 0, 2
6(14), 0, 2, 3, 2, 1, 0, 0, 0, 0, 1, 1, 1, 0, 0, 2
6(15), 1, 0, 3, 2, 1, 0, 0, 0, 0, 1, 1, 1, 0, 0, 2
6(16), 1, 1, 3, 2, 1, 0, 0, 0, 0, 1, 1, 1, 0, 0, 2
6(17), 1, 2, 3, 2, 1, 0, 0, 0, 0, 1, 1, 1, 0, 0, 2
7(18), 0, 0, 3, 1, 1, 0, 0, 0, 0, 1, 1, 1, 0, 0, 2
7(19), 0, 1, 3, 1, 1, 0, 0, 0, 0, 1, 1, 1, 0, 0, 2
7(20), 0, 2, 3, 1, 1, 0, 0, 0, 0, 1, 1, 1, 0, 0, 2
8(21), 0, 0, 2, 1, 1, 0, 0, 0, 0, 1, 1, 1, 0, 0, 2
8(22), 0, 1, 2, 1, 1, 0, 0, 0, 0, 1, 1, 1, 0, 0, 2
9(23), 0, 3, 0, 2, 0, 0, 1, 0, 1, 0, 1, 0, 1, 0, 2
9(24), 0, 3, 1, 2, 0, 0, 1, 0, 1, 0, 1, 0, 1, 0, 2
9(25), 1, 3, 0, 2, 0, 0, 1, 0, 1, 0, 1, 0, 1, 0, 2
9(26), 1, 3, 1, 2, 0, 0, 1, 0, 1, 0, 1, 0, 1, 0, 2
9(27), 2, 3, 0, 2, 0, 0, 1, 0, 1, 0, 1, 0, 1, 0, 2
9(28), 2, 3, 1, 2, 0, 0, 1, 0, 1, 0, 1, 0, 1, 0, 2
10(29), 0, 3, 0, 1, 0, 0, 1, 0, 1, 0, 1, 0, 1, 0, 2
10(30), 1, 3, 0, 1, 0, 0, 1, 0, 1, 0, 1, 0, 1, 0, 2
10(31), 2, 3, 0, 1, 0, 0, 1, 0, 1, 0, 1, 0, 1, 0, 2
11(32), 0, 2, 0, 1, 0, 0, 1, 0, 1, 0, 1, 0, 1, 0, 2
11(33), 1, 2, 0, 1, 0, 0, 1, 0, 1, 0, 1, 0, 1, 0, 2
12(34), 0, 3, 0, 2, 1, 0, 0, 0, 1, 0, 1, 0, 1, 0, 2
12(35), 0, 3, 1, 2, 1, 0, 0, 0, 1, 0, 1, 0, 1, 0, 2
12(36), 0, 3, 2, 2, 1, 0, 0, 0, 1, 0, 1, 0, 1, 0, 2
12(37), 1, 3, 0, 2, 1, 0, 0, 0, 1, 0, 1, 0, 1, 0, 2
12(38), 1, 3, 1, 2, 1, 0, 0, 0, 1, 0, 1, 0, 1, 0, 2
12(39), 1, 3, 2, 2, 1, 0, 0, 0, 1, 0, 1, 0, 1, 0, 2
13(40), 0, 2, 0, 1, 1, 0, 0, 0, 1, 0, 1, 0, 1, 0, 2
13(41), 0, 2, 1, 1, 1, 0, 0, 0, 1, 0, 1, 0, 1, 0, 2
13(42), 0, 3, 0, 1, 1, 0, 0, 0, 1, 0, 1, 0, 1, 0, 2
13(43), 0, 3, 1, 1, 1, 0, 0, 0, 1, 0, 1, 0, 1, 0, 2
14(44), 0, 3, 2, 1, 1, 0, 0, 0, 1, 0, 1, 0, 1, 0, 2
15(45), 3, 2, 0, 1, 0, 0, 1, 1, 0, 0, 0, 1, 1, 0, 2
15(46), 3, 2, 0, 2, 0, 0, 1, 1, 0, 0, 0, 1, 1, 0, 2
16(47), 3, 2, 1, 2, 0, 0, 1, 1, 0, 0, 0, 1, 1, 0, 2
17(48), 3, 1, 0, 2, 0, 0, 1, 1, 0, 0, 0, 1, 1, 0, 2
18(49), 2, 1, 0, 1, 0, 0, 1, 1, 0, 0, 0, 1, 1, 0, 2
18(50), 3, 1, 0, 1, 0, 0, 1, 1, 0, 0, 0, 1, 1, 0, 2
19(51), 3, 1, 1, 2, 0, 0, 1, 1, 0, 0, 0, 1, 1, 0, 2
20(52), 3, 0, 1, 2, 0, 0, 1, 1, 0, 0, 0, 1, 1, 0, 2
21(53), 3, 0, 0, 2, 0, 0, 1, 1, 0, 0, 0, 1, 1, 0, 2
22(54), 2, 0, 0, 1, 0, 0, 1, 1, 0, 0, 0, 1, 1, 0, 2
22(55), 3, 0, 0, 1, 0, 0, 1, 1, 0, 0, 0, 1, 1, 0, 2
23(56), 3, 1, 0, 2, 0, 1, 0, 1, 0, 0, 0, 1, 1, 0, 2
23(57), 3, 1, 1, 2, 0, 1, 0, 1, 0, 0, 0, 1, 1, 0, 2
23(58), 3, 1, 2, 2, 0, 1, 0, 1, 0, 0, 0, 1, 1, 0, 2
24(59), 3, 0, 2, 1, 0, 1, 0, 1, 0, 0, 0, 1, 1, 0, 2
24(60), 3, 0, 2, 2, 0, 1, 0, 1, 0, 0, 0, 1, 1, 0, 2
25(61), 3, 0, 1, 2, 0, 1, 0, 1, 0, 0, 0, 1, 1, 0, 2
26(62), 2, 0, 1, 1, 0, 1, 0, 1, 0, 0, 0, 1, 1, 0, 2
26(63), 3, 0, 1, 1, 0, 1, 0, 1, 0, 0, 0, 1, 1, 0, 2
27(64), 3, 0, 0, 2, 0, 1, 0, 1, 0, 0, 0, 1, 1, 0, 2
28(65), 2, 0, 0, 1, 0, 1, 0, 1, 0, 0, 0, 1, 1, 0, 2
28(66), 3, 0, 0, 1, 0, 1, 0, 1, 0, 0, 0, 1, 1, 0, 2
